0,0000278
0,0000302
0,000043
0,0000554
0,000143
0,000158
0.0006878
0.0009092
0.0033126
0.004376

para 1
7.7e-05
1e-05
1.2e-05
2.3e-05
1.7e-05

0,0000278
para 2
3.2e-05
3.2e-05
3.2e-05
3.3e-05
2.2e-05

0,0000302
para 3
4.3e-05
4.3e-05
4.1e-05
4.3e-05
4.5e-05

0,000043
para 4
6.3e-05
3.8e-05
5.7e-05
5.9e-05
6e-05

0,0000554
para 5
0.000154
0.000227
7.9e-05
0.000103
0.000152

0,000143
para 6
0.000166
0.00011
0.000175
0.00017
0.000169

0,000158
para 7
0.000855
0.000287
0.000628
0.000827
0.000691
0.000839

0.0006878
para 8
0.000849
0.000908
0.000849
0.000878
0.001062

0.0009092
para 9
0.004424
0.000881
0.006995
0.002432
0.001831

0.0033126
para 10
0.000992
0.007567
0.008553
0.001223
0.002249
0.005673

0.004376
